84865481034
84865488828
84865488627
84865488334
84865492570
84865488329
84865489556
84865489402
84865488909
84865488654
84865489556
84865481034
84865489402
84865488909
84865488654
84865488627
84865488334
84865488329
84865492570
84865488828
84865492570
84865488329
84865488334
84865488334
84865488334
84865488329
84865488329
84865488334
84933224476
84904418376
84934395936
84784551351
84936961057
84936961203
84933960943
84898077779
84905013615
84905126550
84903650108
84933661046
84906799424
84934395814
84905011697
84906793728
84906397974
84903650335
84905009357
84933220994
84934161118
84939062979
84777188718
84905124733
84902679981
84902678405
84933221398
84904418376
84906793919
84934395936
84902678405
84784551351
84936961057
84936961203
84933960943
84902679981
84898077779
84905124733
84905126550
84905013615
84903650108
